# Created by Octave 4.0.3, Mon Apr 10 18:01:40 2017 CDT <baobrien@baobrien-d-desktop>
# name: wo_e_vq
# type: matrix
# rows: 512
# columns: 2
 -0.03112585371129704 -11.01568761173682
 0.2008864019416321 -15.0682766325598
 0.001799626839365843 -8.080118961301405
 -0.006403934746019024 17.00651231553163
 -0.2336592313461734 1.966657567088812
 0.02274993287756455 17.70559873263448
 0.1013036513232214 2.914244716078124
 0.0634983331193555 1.097436301833161
 -0.1177385040302834 -19.01022851255187
 -0.00895116181857636 -13.31777012793536
 0.2578253532066977 18.00122061346343
 -0.08811146100605298 13.76588374766963
 0.1325246171158692 24.9365694087806
 0.03989761570022343 1.641125705527504
 -0.1132705319576216 -3.839763090752779
 0.184754572261067 4.975719070207891
 -0.08176202242077778 -29.45483295152215
 -0.08886871487675109 -13.96342713221886
 -0.08970050594345094 -0.8586412753979146
 0.02428070066024203 -4.236348838851491
 -0.1609348876224411 -25.55422542588331
 -0.08193062936390946 -19.3106124000059
 0.1351809610277594 -6.95882499736724
 -0.1120306935071895 -7.502078490874786
 -0.01327732891397526 -1.893737318929187
 -0.05248987862341086 -13.3703837626063
 -0.04185336127363648 -21.02698888670391
 -0.2047152746014644 -5.979085812256447
 -0.03545263944063692 -2.494079302523005
 -0.01975602978781502 -24.9172894350143
 -0.151717178790474 -3.122646621436299
 0.08005376863180023 35.51297070525644
 0.1646335579235365 41.70311872404081
 -0.1959466020695961 26.53567374526085
 0.08474551691020117 50.36293472442151
 -0.01878262893420315 2.951953064834174
 0.001944451375463068 24.29618395766532
 -0.2626795037284604 -34.44762726280663
 0.02921585451997495 -8.594326742510395
 -0.05735494891906662 4.612580352940356
 -0.08692904037297332 -4.008991490132283
 -0.08405412960964363 -41.87586697247308
 -0.009766023104735557 2.752305884430404
 -0.1112559759393152 -27.29677829684377
 0.0411021814061593 -53.61266653925358
 0.04570785627219433 4.220894308119994
 -0.03873592719631839 0.08615473149293176
 -0.03229881911492805 -35.42631133927197
 -0.005142005582551278 11.21071679729669
 0.08576879434872511 9.589597127960728
 0.00110801292045972 -25.32220181226801
 0.08859534232147014 -18.09946061601895
 -0.3338667711453076 -0.9278180182574567
 -0.05166912007961853 -2.68642356106343
 0.1211409179004295 50.97508480808627
 -0.004381677857035317 0.6750118566389509
 -0.1365835322917264 -11.37646396987163
 -0.2774062949536539 -7.531982577845501
 0.09659228204065873 41.4475924901007
 0.2744894523145424 4.962962466994384
 0.1519029273393523 14.24714602489469
 -0.1783484238932046 -11.52347129195559
 0.01865799144785687 5.400874455533653
 -0.01585325509261606 -33.45411362020234
 0.09423113302915409 -2.213342288199777
 -0.1818283172793239 -1.184613642283085
 0.05827691197949251 36.90490677361332
 -0.135050394659339 14.20582634980821
 -0.2572238957803212 -18.04467890537587
 -0.3224740941415186 -13.01081209831416
 0.05436630636013815 -35.39715886279515
 0.1026216721294558 34.64013310949004
 0.03688366795433641 12.40753105058613
 -0.1045444366237091 11.13698634175489
 -0.07738276960350443 7.695021947615762
 -0.01346403526911737 26.93555598460686
 -0.3430236762897774 -6.186226522397543
 -0.03634332791420018 -43.9146504993635
 -0.02636904940880832 -30.69358635024268
 0.09515582471605816 22.18501456403613
 -0.0186122879997755 -4.207589017504881
 0.2214202750524059 -7.825588336688598
 -0.05667338845478967 -28.06986672404641
 -0.01086482216423088 8.879330936870538
 0.07707605506383929 -5.634705808399169
 -0.02783615091254972 8.260673282561182
 -0.1034997640898119 -4.0627232921516
 0.01771510717060781 -16.91403083408428
 0.06946320894284053 13.80555782339963
 0.02124083256814911 28.90429503774021
 -0.1302180249452825 2.33856903390358
 0.1389956964043417 4.726631651841987
 -0.09523791822571434 -17.2597331448657
 0.004475295247214371 8.223953634804889
 0.1160696117327232 39.79352648933092
 0.2546017440119766 37.34786580167847
 -0.2031635070302139 -49.6617724393144
 -0.02807401725300877 -19.2637868863544
 -0.05774928838924914 -37.7772556793768
 -0.2433366014996876 -10.07134912677156
 0.1625011693570579 6.943597797419627
 0.2751517892749536 -35.4334369376949
 0.01710442998417999 -34.11390996372275
 0.08768839362048611 28.850815639149
 -0.0002752803458532406 -5.452132738458856
 -0.03566438605261675 14.32272595145576
 -0.01462757303557011 -8.962178817515877
 -0.1345751409429705 -6.346192360723593
 -0.111368276190374 -12.26836500734101
 0.01386767962486341 8.607728223474885
 0.005082935523970357 16.70386869435549
 0.06413576629661265 4.135332257202363
 -0.06606679815795638 -7.898368031280095
 -0.001117541896004998 3.878649314099085
 -0.3001439724686301 -24.76533491143411
 -0.02817050611468134 -40.56199406061109
 -0.2789994284596147 7.434083412482769
 -0.06398051409711859 27.51389667835893
 -0.03297134986153149 1.532628223463097
 0.1225275797747617 6.031494548782147
 0.03798008973755027 26.3640332104438
 0.02434151070968215 8.866631742960552
 -0.02258976424972666 -8.468997430797433
 0.0537271261558546 -8.395228278146584
 0.01163514720779712 -46.57291625805885
 0.1135219070801232 15.18297053785057
 -0.05539255534342652 8.031903948140652
 0.09540528786130231 1.232825523701522
 0.007539277860780834 10.51113292754163
 -0.02055156439522517 37.84670121796419
 0.1937362581809923 -43.09607326792704
 0.2628199546632279 9.159034467841025
 0.01156317573003677 -0.2533560026817476
 -0.04534247824033313 7.1408316735127
 0.04444017395709256 -20.60472543226078
 -0.01015485207481063 -3.27169552745924
 -0.1282482711327909 -26.00689709442448
 -0.01418536705349256 6.69255306333266
 -0.1674422696103199 -3.033892186150591
 0.1961776315530128 10.81294195162832
 -0.00988655767977544 -0.8242017465124289
 0.02846925616833777 -0.7742326705772059
 -0.05828290654852463 -5.806922138070601
 -0.007062360222808511 21.29166768998025
 -0.0768226191730054 -3.563575257784846
 0.1804987950888144 14.44552037434742
 0.006974308173112246 36.9977950424946
 -0.1922251982495114 -5.525932186526535
 0.03986668622240565 48.49367532171524
 0.1387812599321287 45.87245693674422
 -0.04282626094444406 -11.27285687489547
 0.007407666650223159 1.712439856712924
 -0.005927158884786974 -5.528059658273112
 -0.133256180001834 -20.01694209411393
 -0.1560220395215153 -43.89956239721003
 -0.001032333867973557 32.15269415925125
 -0.007974607069308269 13.30819576440225
 -0.03788649210265445 21.01283944998565
 -0.1053881323834306 4.32007471128714
 -0.09847715291883261 -12.81886550238663
 0.2926686095420587 -13.30301673253342
 0.2109208847019686 49.87646855168614
 -0.1215143099141673 -8.644240043699734
 0.06984544337139748 23.73232345082157
 0.2394732940884249 9.658531272010661
 -0.02644300997117964 3.30817496702389
 -0.1255102047452341 -35.54258116519916
 -0.1761687556464616 13.46755235410898
 0.01929790881769831 -0.8460769738350647
 0.04528485684128723 -0.2603790638759702
 -0.009633449256619282 -21.34888984055396
 0.1458236815972319 29.57584905982931
 0.05808925199526741 24.7219336089179
 -0.04355673445629526 -3.197801041870425
 0.05736354212574606 15.15140329300324
 -0.07544196079171325 -7.830280622545642
 -0.02865864252933542 -0.7320538892979076
 0.1316592185392635 -0.5247777984246427
 0.1150444095506707 -14.12534070945391
 0.1078138380047785 4.544566830800704
 -0.004299430243104637 -2.367126337338701
 -0.2477311460134234 -5.566909762975859
 0.0904633301812949 45.46645540880134
 -0.003945930815813865 5.826926811806388
 0.0008517258719113744 -10.6245790641071
 -0.01593672860416226 18.46414295341986
 0.07679112595241792 29.66068117927583
 -0.06194162289300904 -2.670733078806559
 0.02999188787749784 -15.88935044561854
 0.1057276031210327 -1.573337539625042
 -0.09540897341225975 -7.190181019179013
 -0.2017740342963757 -19.9637968805693
 -0.06823915057387848 6.010180919292586
 0.1760714928879238 35.98070087437772
 0.1134810810185377 2.514024373158619
 -0.2140987856608257 14.64243839884032
 0.1310451120677509 -42.43494110648179
 -0.01318010350809205 -11.28001922349921
