# Created by Octave 4.0.3, Sat Apr 08 00:44:05 2017 CDT <baobrien@baobrien-d-desktop>
# name: wo_e_vq
# type: matrix
# rows: 256
# columns: 2
 0.914056857571201 -5.105676834797062
 0.6812713979903485 -36.88098381393339
 0.4689679239965753 -17.05973917175878
 0.7300918060975352 10.46833814034565
 0.9944410239666013 5.950364828279401
 0.6994843991789463 -15.33719873810395
 0.6939127612160989 -4.270195651220123
 0.5373040165040206 -14.85462760003684
 0.5769290564017558 -6.976189395989888
 0.8643846642565155 19.85646201841487
 0.2184779791003037 -3.453848078508917
 1.138845159229602 11.82853836402883
 1.011161715644695 -24.00759079267759
 0.9410941895377933 31.38258662202891
 0.517452523466036 -17.09030451864635
 0.60864964306369 7.822578202179378
 0.6241946567411272 -17.86350721816732
 0.9121815496096677 -8.912791328210186
 0.4849075497508685 -12.22586165434367
 0.1723430386356547 -12.57831652957611
 0.3754823721897682 -8.641963919593865
 0.4958867497181179 0.6345074739393258
 -0.005003785950143481 -31.89225116363483
 0.4425583035891005 -41.15031217785811
 1.075361002473642 8.96977713650951
 0.8021892120091559 -18.49668207533674
 0.305148189328408 -11.16040153649963
 0.8017302886254076 -10.05151405168029
 0.6120099957062539 -20.40057202941884
 0.6789431536305426 -10.16592169835767
 0.6542218660981876 0.1718383804316669
 0.3615107518791242 -12.8371241607028
 0.6383967760564826 -12.7887904816594
 0.4013051608512809 17.69459452867685
 0.5686389995076325 4.914258603228659
 0.6970055275753053 7.331848279289205
 0.7555220039789931 -13.17324673221534
 1.14221467766129 6.532429712205865
 0.9852262609207453 24.19938730659498
 0.5074675112071683 -6.572629234706203
 0.849390561605148 -8.658136928589039
 0.3690728905251461 -22.88549853873709
 0.396067617975552 -34.29591997563075
 0.6508067873998913 6.303678866834604
 0.725045617755473 17.15136074755971
 0.6212398975935088 0.7672906195545739
 0.6369592378335176 -7.188232892730327
 0.4319633410043509 -16.155759078576
 0.5395330590799935 7.748110149765635
 0.6378639439515476 -3.961217706522461
 0.8821079506138907 1.636899912538726
 0.9060206318449565 -24.9451647858529
 0.4591142343498187 3.960270655727336
 1.033605720529925 1.382093800722273
 1.070632220093217 37.67816140659313
 0.5729556367834848 -3.369158054128343
 0.768930280584142 26.87767625758698
 0.6064554515032631 -10.59320720258693
 0.7579349085188353 -6.871388660466857
 0.9807331995069255 20.07162457531053
 1.405939098729582 27.66262244076229
 0.7681379366554616 -36.77406186862363
 0.1328424088597407 -45.06301072224551
 0.5733008307843608 13.05474097125202
 0.7934840379788813 0.5789833387352171
 0.7175580050383755 2.086275663471676
 0.2673867344663344 -22.63570551031617
 0.5490619750106103 22.45133222026375
 0.4586279338689325 9.99220602768478
 0.4550163261049829 -19.45812826219877
 0.418291820105467 -26.58213361267715
 0.3610734302154781 -17.08048750800729
 0.5219299592401954 16.00469833357279
 0.6806830005023141 -21.90898947849274
 0.5233820105079302 -10.86621723401697
 0.5397750981388155 -24.47644379165381
 0.5401246091877713 -8.459681727660223
 0.9596598838750501 -3.877319900383489
 0.483030621349458 -37.17831288931684
 0.6827476474792555 -7.450120250093057
 0.5881022902883599 -26.99794211448506
 0.1861342672559775 -27.18821684002483
 0.4987301173052733 -9.864048406164994
 0.6279792004147682 -40.55771860711035
 0.9479502907002395 5.469892072201734
 0.6562005781742992 3.152410820683179
 0.2640649428069813 -5.795919109127773
 0.08456521019375461 -30.07945168498951
 0.9225223998456322 15.1395682409555
 1.065149860922198 13.0676474871565
 0.9442525844552476 -15.99317378986042
 1.130844972571688 -5.908065558295197
 0.8506652012105882 -20.52008133642127
 0.05539102598910481 -3.846072324859455
 0.5688385611411834 -22.04226970896608
 0.5002685598237446 -31.90361048216058
 0.6112331677927727 3.506250446305213
 0.7187594117426364 -9.749967277863478
 0.3550221037393625 -41.03867166193803
 0.5501053276364141 -18.11065029551648
 0.8088526845926778 -14.17584955380584
 0.5065268325417115 -3.113109196220153
 0.6964190550458799 -12.53118308489304
 0.5354328790471696 -1.38241292465459
 0.460220312609682 -14.31376615614318
 0.4944287855212121 -15.14788530025801
 0.6108028265005572 -5.420559179034782
 0.3177507359372848 3.870168200912193
 0.8562342567179937 30.6290822260455
 0.9154773935736403 22.63933328607142
 0.7925289611043411 8.705565203502056
 0.8291610345506133 13.39325720241428
 0.527086880858354 -20.63972056649955
 1.041139766490687 -5.783503943318627
 0.4964034834520543 -22.69286609511876
 0.2479773894388226 -53.54492415295145
 0.6338886840908086 -10.53508213863079
 0.6295362748859421 -29.68351824888625
 1.118247080154729 32.22173197576607
 0.638484058022589 -1.530470658004478
 0.4739680655815917 -26.45315356481124
 0.7469406533528218 -17.51464851648486
 1.047570314823884 5.567662615797823
 0.7787858879021653 -3.307993779292503
 0.8094016924714161 -6.507979014762871
 0.7542806975617043 -9.816502935316869
 1.014213003454982 9.760813240686586
 1.202041377957779 -26.00341058730285
 0.5670601953180338 -46.39158878078275
 0.5806680127073066 0.443203523509318
 0.434728704242158 -0.2196566551106943
 0.1933642986677772 17.05246098332555
 0.2497359591298902 -34.37643641731682
 0.3282737334667258 -1.821962747114376
 0.6123385257240218 -8.551483590517659
 0.468235451486759 -8.501797767853368
 0.6634623280525046 -13.98199449423244
 0.1304107543096782 0.443564751489555
 0.6613399912196845 -11.84391626563969
 0.8010393306825816 3.850079429441017
 0.9398271666863103 -33.07592512996324
 0.8373404504467079 -30.14985621350771
 0.6521647826167202 24.01049246385319
 0.5958368803453554 -14.32576213180618
 0.1876743218438877 -19.06376951433906
 0.5713934003135962 -15.8465463663581
 0.5562864209299752 -36.53186795511638
 0.5068544136373224 10.14168778515254
 0.5413630266969259 -4.868522232551451
 0.1251492731933639 -6.206418093525928
 1.03991694566172 -14.12555461574275
 0.4502666316797959 -11.24760745517977
 0.4261163058338384 -4.415244130235283
 0.9597142878172976 36.98974095485683
 0.8425146951044866 8.052560827302253
 0.7325651068935914 -3.630047863262418
 1.112937087151187 24.08089371606561
 0.4460242716645209 -31.06248473184565
 0.9538116186230419 -44.10090969933542
 0.5207127562553184 -27.53051780195807
 0.8774196397594829 -2.54935932593998
 1.021753120955048 17.29259862306377
 0.9661799957744261 2.254970604960417
 0.7606852266835892 -32.7181464192882
 0.790011082300863 19.9866035617593
 0.4713252705968414 -2.427983897893817
 0.7604132121873378 -22.47193609107728
 0.8368899511189762 -24.56747441342697
 0.7584525447640922 2.406941948957529
 0.8636090231192537 -5.519582225049489
 0.5496314842481772 -11.55958102751569
 1.160620336993124 -20.77531582251266
 0.4268593131652454 -8.757690468615365
 0.5652621781448042 -30.67528985977449
 0.9173748614413028 4.00636615363295
 0.148974297455497 9.268432230610454
 0.7122358839971795 -29.13640638904796
 0.3078691361969016 -29.51554712120151
 0.5662201136321109 -13.29357709436249
 0.8298939202485202 -2.423517522998012
 0.9763932569702818 14.21000561203288
 0.3825646951119641 0.362798605102854
 0.5120441909270085 -13.16742090281338
 1.084981625855734 18.63913271247129
 0.813131760167765 -41.46528514328032
 0.583541616317623 -18.61219069818083
 -0.007646629818648382 -11.93453488750915
 0.9241651324693448 -0.1617467788555434
 0.9913957088163138 -0.933593078437453
 0.5915124446319369 -12.40164916048968
 0.164299664785906 -35.54370588508885
 0.6935467467435092 -18.84850984450074
 0.3662967578609125 -28.3043351841471
 0.710692125300093 -1.273884371124957
 0.5751943273923992 -9.861253515987096
 0.9779150157748845 28.2582440516285
 0.2490735067408073 -28.40355356317574
 0.603654633234567 -16.35654998390334
 0.7144092885549296 -6.810654763052213
 1.045125026857351 30.13491255614386
 1.09369285673786 3.459328481364349
 0.6155609647303012 -12.96041437813875
 0.7484157050242195 -0.5895606270137624
 0.4076377192872882 -18.86815806097374
