# Created by Octave 4.0.3, Mon Apr 10 18:03:54 2017 CDT <baobrien@baobrien-d-desktop>
# name: wo_e_vq
# type: matrix
# rows: 512
# columns: 2
 0.2121372261923013 20.22114380333132
 -0.004450751848452863 -2.763542993839266
 -0.08516738271125625 -3.574238777326339
 -0.2401468681241842 -37.65821856141999
 0.05880855565747358 35.67879603491703
 -0.01545782174094909 -12.15604040196444
 -0.01473605857978823 19.87076400873772
 0.0706442811062177 2.346563603686848
 -0.2004974236256388 23.61960974744727
 -0.2104811465373804 -22.50204009893219
 0.1379481902033403 -5.747230901904688
 0.004087031739147588 25.22082471707516
 -0.008479047610085496 -16.88411961669945
 -0.2671314968145737 -2.354624322091512
 -0.1382530403910462 -21.85312968902349
 -0.03534492987018575 -20.31919851036332
 -0.01027176552812402 0.6901959927873624
 -0.1647811667195755 -3.935659979978411
 0.002536553211134942 4.725369583838972
 -0.02879582133867239 -4.563135351224701
 -0.1057714937199724 -13.98905231552636
 0.2412542170413711 -20.59840900691848
 -0.05272853502460925 -46.60634625325091
 0.1502463767828124 28.70433968612567
 0.1924755435303743 7.517252836583852
 0.09962642335888582 -25.19960711698204
 -0.176465370819357 3.700259283542776
 0.02752203095191046 -9.664195208903307
 -0.1761687556464616 13.46755235410898
 -0.04827243030033094 6.737321856343653
 0.05217206045501279 14.69075414832692
 -0.001442477135791219 -0.8980491258841397
 0.05249274164412453 19.08325107716768
 -0.05891014405457147 -12.53921276265553
 0.09766074695540844 1.68146220466494
 -0.151122903921648 -40.95423543533501
 -0.3224740941415186 -13.01081209831416
 -0.09328802423832862 -40.41246728061049
 -0.01702892595722299 -25.56108750644908
 0.1671673984283745 11.60797945573376
 0.2109208847019686 49.87646855168614
 -0.07103128303185068 -31.25938937702682
 -0.08759033131701197 -8.392581876189537
 -0.09465308566225916 -32.67614296950917
 -0.04817904439667819 29.27310471041339
 0.1074956251947335 23.76867554964544
 0.01671632854572044 11.57770623404315
 -0.2329025100476436 -6.122067188197432
 0.291017848394906 18.49732374337336
 -0.1289116043577533 -31.52626878531242
 0.07825448134182221 3.224134581469792
 -0.139123017352553 -2.325638084558012
 0.06355247557136522 -12.0850160034363
 -0.06912586069670931 -10.83261068331189
 0.1302900027226234 29.89818025362128
 0.02475706346628612 1.657106735345587
 0.2695199163404152 1.790972353470961
 0.03901964811713719 26.72803603638721
 -0.2378117195155391 -13.11054667828429
 0.02268654500885151 26.16444449427003
 -0.04318111163773694 -12.12808024031147
 0.163850714968038 -3.137787045304462
 -0.01030026751990024 13.99605752157151
 -0.06843755983478195 -1.041462162585653
 -0.03277045312952213 19.66227647958665
 -0.02884437402673814 -6.949040001369015
 -0.03507701675660645 -36.52118837081004
 0.009387634931086675 -5.793623793096012
 0.01101250523365395 19.73257135789954
 0.1951931383656313 -38.14892416540466
 0.1801238782623147 -7.875456478156794
 0.1593309709597064 41.72454508694746
 -0.01178126542510937 -9.978832731084813
 -0.05588617524870197 -19.24956276664566
 0.01730112164090756 2.483160511487591
 0.008107309407175082 6.460322395559334
 -0.1716795269476094 -30.97783445587083
 0.0873339326328394 32.67949158811165
 -0.0319466597538892 0.3164468107946742
 -0.1469702185917889 -31.32401833238831
 0.06503960962261976 7.329413687852936
 0.2990854812068325 33.60807292859068
 0.1789107705499498 -24.56349281735404
 -0.004496094827172999 -11.12200440391248
 -0.135050394659339 14.20582634980821
 0.2057570814982391 7.639287429943259
 -0.08031854368823328 -19.97986378302729
 0.1027987247942627 42.56329093548125
 -0.02282631948510497 -2.932673641632781
 -0.005226932745662632 10.03249561911543
 -0.07836697691444978 -35.39508322184954
 -0.00674811234886573 -37.58866585944086
 0.027387958004525 -6.212271319384329
 0.1375330995932163 14.86497069154816
 0.01630542081987217 -26.38959326003566
 -0.00901557968663726 8.095464978963104
 0.04243341378055111 -1.088027007469671
 0.01163514720779712 -46.57291625805885
 0.2337591863910358 -2.584317746307133
 0.04212726097397741 38.25051489674308
 0.02360342295928985 -13.38353704412909
 0.3153344390978167 -27.48637562589904
 -0.05730726434665549 -28.42476475882816
 0.03757799660665052 -7.984979199284648
 0.003334488980864535 -1.134492070719627
 -0.09828841295679228 6.738519023265071
 -0.02603504458902663 -19.4848298395204
 -0.04000260636319621 -8.510213364945345
 -0.0180798873013101 8.087776398445193
 -0.02706044273033844 9.206971636937144
 -0.1240838850754664 -20.40600385974506
 -0.05769615697556919 1.997882665383942
 0.09446991815984143 12.71825398477496
 -0.02210716519026403 -1.101990513057453
 -0.06877284729243921 -4.902140355408648
 0.1041987242479017 -6.770230410560393
 -0.1290732410328152 1.840520455462829
 0.06090771249218249 -5.087299891693022
 0.04045459698697863 -21.67318753104795
 0.04841625498225208 4.221484707110513
 -0.09013734271407341 12.74590680950431
 -0.01347090314350229 -1.894573284035918
 0.02434529689691194 4.830473639209231
 0.1730205588306362 34.49646927883494
 0.0006590506329539109 9.6147940931668
 0.08072830317412846 27.8498519629747
 -0.1787879807258451 -11.65131532231494
 -0.0774858778184175 0.7551335625262152
 -0.1026105260560643 -0.9318945341070823
 0.07691014298098203 -21.11905923464473
 0.04082004389263104 44.81420424123862
 0.1065266227095825 10.80853561028205
 -0.05185075413982524 -2.771311407064935
 -0.0007240446071044833 34.71443352497306
 -0.2000937673594406 -34.02455651167104
 -0.106910687586879 21.55479475832223
 -0.007234114063163421 -5.442819176646293
 -0.05392631198976755 -24.44123844282234
 -0.2747021696685326 -20.20818619713756
 0.0177916131488763 -17.05977251816427
 -0.007404339813554713 4.096863627768852
 0.009158503350073538 42.89310581991774
 -0.1157252507039283 -16.74376616209159
 -0.0003628440411872861 -2.925928989241875
 0.0003269245723601742 2.677872746051509
 0.09794609109052273 28.65474393699482
 0.02481429729192903 8.787047936563471
 -0.04732951285664053 -16.57069679655036
 0.007587535579281888 9.826425675182396
 -0.003859835955056321 20.78691860885764
 0.1436471645580267 -12.27328554272563
 0.03329529038208741 2.020186850984898
 0.01107834934432142 -20.92617721586718
 0.1396923369288657 6.213507692750983
 0.04130696612134772 4.830045612667587
 -0.0189208045808017 -4.591338210521835
 0.2751517892749536 -35.4334369376949
 0.08034118661652008 -4.879443823873604
 0.02866038552213777 -0.7299863416269502
 0.05283799406909338 33.19810417429664
 -0.2185291423916111 -5.938934533840176
 0.004637956016950439 -7.726842959754356
 -0.07450825173809421 18.39999906909052
 0.2718959658573691 7.870979512364325
 0.01362703687219538 31.82202012866412
 0.0742917929772441 46.50079318767085
 0.1299706791772976 52.33259175567832
 0.083848249358546 16.08150943358467
 0.001348528336960932 -5.578092248737048
 0.0001543799880068043 12.00034297368436
 0.1167428331314287 47.01981620270103
 0.07521552606637542 -0.9065653510402449
 -0.2020286480016382 -45.52337041119909
 0.07740879150281271 20.05423388507856
 0.1294060245948031 -7.700869324317208
 -0.03830255528101544 -16.18561762604626
 -0.01188180225101531 -3.866721124911027
 0.03925264792668436 13.80107172687318
 -0.02040978180018096 5.15646214823457
 -0.01794878037550111 25.84026507850484
 0.1589979526580989 46.90380972225898
 0.02283091194019557 -22.16520624762885
 0.09967558431527125 -12.6359980074094
 -0.2157964195491958 0.6100901653102321
 0.2171230361914078 40.37032865253385
 0.05464953251140137 0.8618797634119708
 -0.01956362325383581 0.8542947565812019
 -0.06777847527470693 -22.56149796662064
 -0.01330065647136007 -5.44693061881547
 0.04900014129015928 -2.984759339341637
 0.05289578176748196 -7.020128455204361
 0.1787218701483512 17.91671062549788
 -0.04678193229922113 -33.36695560181302
 -0.1234377426981071 -41.74855373721558
 -0.02182623857925841 -38.02627545509424
 0.2933526460650923 -9.662673340287133
 -0.043455634286049 -5.197721810200192
