# Created by Octave 4.0.3, Sat Apr 08 00:06:20 2017 CDT <baobrien@baobrien-d-desktop>
# name: wo_e_vq
# type: matrix
# rows: 256
# columns: 2
 0.1889592594279172 -8.845918165179508
 -0.5587362034322121 -18.24196483201818
 -0.04956284530256574 -3.848060091222495
 0.4658606720951706 3.751657841958958
 0.2871241931916272 4.80630247325435
 0.1590368996016748 -35.10867850700355
 0.06183048964056658 -18.49180612020931
 0.1988422323548491 -2.645008855879635
 -0.209353327682267 -20.01228247904605
 0.477825533263267 9.275932541127458
 0.1480852869541476 -27.86648650408819
 -0.001562997918793195 1.014556473133307
 0.5840723411896124 23.5216678349244
 -0.3785014259855176 -14.14847901179545
 -0.2755202711335516 -42.83894148060376
 0.3366109141823598 -0.7614723604567818
 0.5502686125061879 0.6122483422275962
 -0.1684041132016225 21.35270821666215
 0.4982435886668193 31.36842130603263
 0.4737090878636124 -7.298381058595848
 0.7100893455944327 -6.962029308398007
 0.360317395610628 -13.65073616296914
 0.2132740373000132 10.84723702435886
 0.5647609046107269 -31.69678202332257
 0.2382345938689233 22.64760123404214
 0.2252459179551188 -15.50618577956316
 0.04590725000250211 -24.69504761006667
 0.9177131670425706 36.24061780898467
 0.7419457973607019 8.67286305961939
 0.5606015100351048 -13.79480877869059
 0.09767688973146772 13.45245933091771
 0.1889855394495731 4.090348084591901
 -0.03383331234027367 -17.46047542013631
 0.7612973361214692 28.01537407552146
 0.03494301077504062 -2.36509922509443
 -0.2395842462706257 -7.16734310704982
 0.2787704019628858 -9.516213786671763
 -0.1089727569807912 -10.5451150928175
 -0.2694170748071133 -17.77893757394868
 0.2436157108535807 6.210691655265783
 0.5419077722256376 8.372643305188102
 -0.03931588831523262 -34.18996755201927
 0.1417523465778515 -12.68872238623292
 -0.2261030256418446 -11.31746584485601
 0.2233134689065983 -5.400183458119206
 0.1535119614894882 10.6215601269575
 -0.1396895223497226 -35.04624661546644
 0.2742265463353139 13.03310263786973
 -0.07207903089205052 -43.16863721081852
 0.5052605336218661 2.954617222508844
 0.1831439241385268 -17.76584443816697
 -0.1670405360714603 -12.99384290019387
 0.2276738790449913 1.968840528510713
 0.1312269509867601 -6.060370835931344
 0.4188182234154127 -20.09419914894552
 -0.1081089299140915 1.831183593545818
 0.1589395756958504 -4.54821707648488
 0.4214360355809902 37.30377151595959
 0.6315128469501113 46.83848574644212
 -0.04936621309594254 -30.40289279151887
 -0.1218141995180039 6.852380733533241
 -0.2372269720029856 3.712697096869821
 -0.05429115950652308 -9.494310286001646
 0.6423542626215096 33.46064432259212
 0.5021110819813072 26.60851889848744
 -0.1578659210579899 -18.22908136263832
 -0.4512979657976998 -21.97942787747995
 0.2531890748173063 -4.218904724653125
 0.7266635831109484 1.088406565524649
 0.1825143249867271 -5.824504054091153
 0.1840094607070624 9.097517355217219
 0.6242993518119999 8.107663011750036
 0.3736783148993261 4.671401548467745
 0.2552458966469539 0.3309838562375993
 0.6241542869199428 16.68466522273619
 0.6428602598210449 -12.44671233466959
 0.08128072236976963 -5.587087730241382
 -0.007603171969222285 -3.101382505315866
 0.003702282947327752 -28.78873583441839
 0.4904356151663721 -15.24535547580173
 0.182406726664264 -0.5829661160786715
 -0.3951870186142934 -48.39447191161188
 0.1031854115426833 3.102586291512877
 0.3361079189532885 -34.98371310962286
 -0.3457921339835662 -6.032243922991023
 0.08532799493899879 -29.48544461276492
 0.4095894093533169 28.7002444476723
 -0.3746277291487166 -30.84406747853145
 -0.01459673426145164 -8.043847068765592
 -0.2967981773515445 -23.2076542268978
 0.8486150412754215 20.70498925808806
 -0.2979364494168067 -57.24563361433695
 0.05246392328602704 5.401192787053536
 0.151461771223872 -42.20441269053067
 0.1858130800907732 23.93229538006722
 0.6444127496565633 -2.033762601337141
 0.1158378848654968 -9.001489639204577
 0.4533693390332322 -1.784082969250575
 -0.02994217848382355 -13.39266398346917
 0.223189502219639 -3.297694191910164
 0.1336351597998923 18.71833274601514
 0.1333168853954483 0.3692051855209594
 -0.1964081119605354 -28.09947971721686
 0.5851829914276488 37.80594869094147
 0.1231620925220329 -3.134262853687969
 0.05966434578492354 0.9491604173706523
 0.5188333850639048 -3.71845138971138
 0.8600885920288044 7.533713001147668
 -0.0951925833049623 -15.48580606165203
 0.102963037063622 -21.99248026611713
 0.2193888899284043 -20.44614684793965
 0.3588047514408284 -4.213045564850768
 0.178173448383798 -14.56629988445616
 -0.3194750428341763 -35.6710232807286
 0.5199352421123004 37.27174623840742
 -0.05730214822819002 19.98731559217321
 -0.1810100160161383 -0.3301871363857298
 0.1703037587691817 13.86010513425725
 0.4191378430021493 3.962071602120202
 0.3758097509402743 9.4583937176665
 0.2277114767559946 8.361887521821908
 0.081701390999754 -13.22354803701059
 0.00582610591504739 -19.00004518018774
 0.2462964382702448 10.9717953027116
 0.5584048482483566 15.35620995717429
 0.09088517889611972 -1.395868431468559
 -0.1130995064053509 -28.48324020004859
 0.2542846685669808 -31.26567946848851
 0.1942390506454745 -11.88814088010464
 0.2608611252710719 -44.39037941668955
 1.405939098729582 27.66262244076229
 0.7589970231360049 15.34956884571134
 0.1612393664871018 -10.03338238860027
 0.3413197561094743 6.530459954901515
 0.4298854797902604 7.593831891730309
 0.5075073227849051 6.365172861570085
 -0.2602530430338554 -1.088617954878387
 0.691218669540589 12.73193111037065
 0.06930249194521589 -35.66090548413685
 -0.2898332062400773 -5.836710540891914
 0.7896242402368717 5.88772530987678
 -0.5057001491155687 -32.51543357858351
 0.6059460591899626 1.832278913963634
 0.2026325947953739 -25.71416977847687
 0.2857472586279944 -13.32377024404243
 0.4832593555600919 -36.57725869537217
 0.6489631239277813 -21.34755652735815
 0.2262148652681454 14.39218223368893
 0.5292262254726958 20.73043139726453
 0.2210293372880587 -9.464669840330146
 -0.1935138580581746 -6.060492304144288
 -0.3638781353051159 -21.92981140103111
 0.3799655716811294 -8.170313851143845
 -0.02800264502215516 -39.51805116550137
 -0.08682927351936422 -6.661999268141801
 0.2179962352129574 3.941327104259803
 0.204170918520038 6.562604710035551
 -0.417063466410217 10.6971237297779
 0.5839104987957011 11.2567063304171
 0.2892964154983034 -6.164321195422384
 0.2274389150800108 28.25411681170469
 0.8258569605464928 45.75353003951945
 0.7136488112422321 44.68068850023838
 0.4641564563234697 22.07966257955356
 0.2113134521038463 -1.08728201556891
 -0.3398586558362645 2.281352178216979
 0.3918072439118147 -2.460057833218034
 0.429082987753234 -12.57741178039107
 0.04579824828921642 -43.92727552453393
 -0.1004778763558112 12.00379529274784
 0.3737113286444975 17.50124687569178
 0.3162432495895356 33.36803705050059
 0.7310530778723883 -33.45910509579218
 -0.1778276426962251 -42.99485040500585
 0.2913463776822675 -1.493276535849382
 0.2291155032834408 0.04725152009768422
 0.1571060808938742 -1.641922457997119
 0.3317808237634282 -9.383664149148395
 0.0003299987842348797 13.3962915045391
 -0.6022075215380867 -5.946690432959954
 0.9584913266242072 -20.23559601495717
 -0.1433484714899639 -2.000003940323156
 0.3161767273512219 -4.744372479035626
 0.1768872213312069 -3.354517032829312
 -0.1514362378160484 -23.99145919378198
 0.2400494890401554 -1.811786884122724
 0.1652647376798503 6.363114760809927
 -0.3016619845758942 -12.96809739007586
 0.1229895855097619 6.963279561127134
 -0.4337075807708672 -41.13213369131097
 0.3919454265120471 -30.51011391411019
 -0.05608221784385464 -24.54168674124121
 0.3481325690440618 -25.37928872628368
 0.4310431498418835 1.514662724432503
 0.1290998961404179 -16.30274002198338
 0.5866945968464402 5.233225321629782
 0.2706511125622859 18.11480458722814
 0.2020468019632786 1.263849567549274
 0.3065261392207976 25.42538546133034
 -0.0924841682811262 -20.42222604539546
 0.5417478573491401 4.490874044440827
 0.7638889255685074 22.19099150364955
