# Created by Octave 4.0.3, Thu Apr 06 18:00:36 2017 CDT <baobrien@baobrien-d-desktop>
# name: wo_e_vq
# type: matrix
# rows: 256
# columns: 2
 -0.02524956105536648 -0.9272440691832728
 -0.1882927220762819 -14.00284383141188
 0.1923959891581892 -4.850511924730553
 0.607079821228429 20.79389306555894
 0.2844406083513273 9.659912161814317
 0.2909132753296552 14.44766841114667
 0.1942492365499782 -3.95579841031093
 -0.04510907592534716 -35.62889646801297
 0.2416122123262274 2.945605089284371
 0.2175230459648351 -11.46787472298629
 -0.1130627168383941 -20.91892293625544
 0.2234914095723305 0.1815145125291094
 0.3245624719103232 2.008335045388197
 -0.1952546885254731 -8.694009906699691
 -0.11534906109283 -18.85931613497406
 0.1864005289904932 -5.138597993927401
 0.2352908050470157 5.907530096456431
 0.2047652256167301 -2.095563011607052
 0.6408342956835884 19.84557657060411
 0.00107182887484025 -17.62025347942853
 0.3973466541570474 11.61577736635473
 -0.04305965767503612 -29.17332211096102
 0.2608122672297111 10.45819870314251
 0.1874541598506924 -6.176530045479035
 0.2316056833916134 0.8710486212449886
 0.5105290337745599 13.22555704824153
 0.2551183755997745 7.880413005181185
 0.1984225982546064 -1.410459461697287
 0.578220789516426 4.629573849275232
 -0.04720025567220121 -2.579277928375781
 0.5056172050732962 -10.42395159016711
 -0.1300984884458609 -12.81711282125256
 0.2125262879789599 -0.5424956257339925
 0.2011719257827677 -7.467909481165483
 0.7190980311768138 23.72391529918607
 0.4936572730932416 12.07224500336345
 -0.1997028181760046 -23.42571954713269
 0.2065653761376307 -2.511392410138339
 0.3561470135835449 15.97775946414333
 0.2058396476163865 -1.586474923379585
 -0.1270421583828811 -31.23874655802832
 -0.1129307620148587 -25.9381456921669
 0.2144425761540854 -9.608831111920569
 0.596048865358606 20.40743953413117
 -0.1014901249713498 -33.57547566234073
 0.2546538687394675 6.98708480881476
 0.1875667691998355 -5.786959938337222
 0.1158445757506771 -11.9476535405357
 0.2042482733549542 2.531124802204643
 0.2048677849759126 -2.800205657622597
 0.2013873422073628 -3.362077947656074
 0.6408197894847403 18.40391387886497
 0.1957369150895886 -6.610508833848344
 0.6649504880036041 18.86889463364099
 0.4756797565178674 0.01974065897558431
 0.5289908123771768 3.829941275580854
 0.2415144540286236 4.823347146107834
 0.4686811173283985 -5.675780400898693
 0.5074096956989047 1.6410860784362
 0.7371902203994655 25.09855280126457
 0.1934939712930822 -4.708570193519909
 0.1965220394056803 -4.315186723761316
 0.1945904825030325 -13.2564356677897
 -0.07653530442156534 -7.725827509381384
 0.2106486435258796 -14.86076964793316
 0.2108119113262821 -8.438081508257728
 0.5887335235169323 5.349544784802216
 0.02632760540267818 -26.80182091459792
 -0.2286887893896975 -13.36278400551776
 -0.2397484781040209 -39.37431210046132
 -0.2374836384916068 -7.994378268478368
 -0.2151517313989396 -15.85065799976823
 0.1979102374441596 -10.02533810390741
 -0.03677107233531855 -4.013512641492905
 0.1965648585672985 -4.574048530420766
 -0.1912536171685213 -11.33167409305649
 0.2045618919802704 -1.935937497102298
 0.2180666047731128 -0.3638615254333474
 0.2111050999630905 0.3563152315836238
 0.7485347097032494 8.595431834860738
 0.1803442913495672 -5.613369688486482
 0.4853571522761254 -1.208564779028125
 0.1989549418478989 -3.485929588508229
 0.5353531293665743 1.968465744297755
 0.5677626380879949 17.62348567619775
 0.2951819391399906 9.243305036077206
 -0.1350953053000645 -14.57430253969394
 0.1968544409867061 -4.0680637465221
 0.1851319760501261 -5.289418844553446
 -0.04008759615162663 -18.25420094045563
 0.5543189128618583 7.32119681874597
 -0.1920113328016499 -22.75892304538008
 0.2006055202465916 -3.226384947823478
 -0.0392022399439419 -16.53540413194089
 0.4115937710134007 2.512430318078698
 0.243721928794105 3.406198019377647
 0.1876291882583753 -6.385941451868865
 0.2394795631214776 1.50177482450557
 0.4363049525364296 2.225283566808514
 0.4321671497616251 0.7130876376494348
 0.1916983512601695 -8.667360434683285
 -0.1349920360550682 -9.390962768213894
 -0.21862316982936 -10.76469619012887
 -0.2675309872201128 -6.297058315051919
 0.1794076941227636 -9.230068770433869
 0.2065540100921813 -0.004334216613160398
 -0.1916692783114713 -20.18738127311502
 -0.2159878187893504 -10.18828836895933
 0.1401794346851641 -10.41954533591516
 0.5705803932133804 21.32718017306857
 0.2711882114749549 6.258131251103723
 -0.04408343555333998 -3.573456110253534
 0.4870703784781259 -2.425637363988485
 0.4728191499116273 11.10697976771923
 -0.2909406965563631 -45.16919848438769
 0.218042276372051 -7.717979686539875
 -0.06318356796976335 -24.92452861203414
 -0.1584632975439528 -8.339369175297996
 0.1560683801029066 -12.41388200393264
 0.5482109660564363 16.7384903255779
 0.2496048543403671 4.199688301323658
 0.2437960248187645 2.341847575929666
 0.4577621850403515 1.340308875230581
 0.1702955471706536 -11.12514913328722
 0.4554056411549187 17.98204841046358
 -0.2112549689230118 -11.736264036936
 0.2110090369559554 -2.237667007015662
 0.5268984299366524 3.017142252133229
 0.02235905037176726 -0.2910322976457708
 0.2611088649453245 -14.21889140536275
 0.2108593126132607 -7.020456712194552
 0.4817382362096261 -4.220951970130185
 -0.2178208135823936 -7.40391528502608
 0.5123758277186418 1.017302443039773
 -0.2002907038425436 -32.38535354540952
 0.2067822179930545 -3.847102876670996
 0.6382019688425865 16.29930424740708
 0.4701557329032715 12.63303137806763
 0.2318752928180443 3.644838463698577
 0.190504152274161 -4.443526186688045
 0.6206388577154174 22.74045412336176
 0.442406199972935 -1.992792183747503
 0.2379993226354777 7.361806550229106
 -0.05752483053378111 -3.018763232474523
 0.241312742931897 2.731232752203101
 0.7016339577973724 9.393891627616224
 0.6234330867584309 5.724586430017268
 1.063177656839755 27.29672891681508
 0.5103331716842452 -5.033811030900966
 0.2945550404364011 8.535923326318546
 0.1488941165560236 -13.71615247486751
 0.2357228053633237 1.658804167216498
 -0.2751004140723325 -9.074331113330141
 0.5059831336058866 3.29442980704636
 0.2422134357711484 -16.08758236648944
 0.2642836238385768 -23.93397425868595
 0.7418478448904057 7.973054725999654
 0.2103341378652314 -2.945202137559853
 0.557912209650375 4.987737111634117
 0.6339603667130413 6.103946929985376
 0.5084535046404838 -9.009237376638243
 0.4504488505999656 -0.8414616203248109
 0.3853320933209555 7.64752469329259
 0.2049275641394873 -3.08814007543793
 0.5175382154178833 3.551706865241754
 -0.1136773851680733 -34.35333911534156
 0.2630923924818783 -20.38750479419732
 -0.07457529078600904 -4.835774204522839
 0.65755441919216 6.878200489559646
 -0.1333615399728841 -5.79372692574873
 0.2407307667537552 3.172763325420405
 0.2165027376014639 2.166000280553046
 -0.1393765303961353 -27.59377884254015
 0.1995554967849284 -3.606254525880232
 0.2159980815808785 1.348282807691553
 0.2126208312365374 -0.8843194254099983
 0.6194293430274769 17.1735541004434
 0.2297442727798192 -0.189465672737246
 0.5659884274555488 15.30055681836965
 0.2629821583109244 6.616047137188341
 -0.2164083157007756 -12.31035705679236
 0.520960944919347 -11.906481255977
 -0.08297937028473186 -4.312996590893604
 -0.1187989450380582 -5.455926891032418
 -0.06415290406837483 -3.327052346502216
 -0.06236188869185806 -21.48150588414387
 0.247549859108251 5.538163474380677
 -0.04424646282677606 -2.109990267707613
 -0.06108789368308731 -6.460404345218123
 0.1982659933935901 -2.373544944202231
 0.2426839871997377 3.925898223894797
 0.4776985358830083 0.4235872327797121
 0.6384090677171227 10.57837565978492
 0.192964227178761 -4.188359872973492
 -0.04257017726548189 -28.28668277239726
 0.2357771185232957 1.186406195311636
 0.2650828519786502 4.495324700950238
 -0.07509425164518357 -30.11819304863478
 -0.1594655915424312 -7.086761570980829
 -0.1748309229601311 -24.25159559830108
 -0.2340438491087034 -6.767911657246903
 -0.04681137608822905 -17.02023035558894
